3.225806451612903830e-02
3.270631922049644508e-02
3.316080282554344921e-02
3.362160188742509964e-02
3.408880416507167888e-02
3.456249863690251389e-02
3.504277551777171262e-02
3.552972627614959383e-02
3.602344365154287048e-02
3.652402167215672291e-02
3.703155567280252969e-02
3.754614231305422600e-02
3.806787959565712670e-02
3.859686688519253089e-02
3.913320492700154973e-02
3.967699586637211950e-02
4.022834326799241272e-02
4.078735213567472040e-02
4.135412893235341364e-02
4.192878160036064839e-02
4.251141958198406678e-02
4.310215384030983976e-02
4.370109688035572759e-02
4.430836277049741978e-02
4.492406716419288654e-02
4.554832732200856521e-02
4.618126213395142704e-02
4.682299214211161492e-02
4.747363956361966980e-02
4.813332831392253680e-02
4.880218403038342340e-02
4.948033409620911788e-02
5.016790766471032614e-02
5.086503568389858648e-02
5.157185092142538979e-02
5.228848798986776569e-02
5.301508337236499058e-02
5.375177544861185069e-02
5.449870452121301223e-02
5.525601284240344580e-02
5.602384464114043561e-02
5.680234615057174613e-02
5.759166563588584420e-02
5.839195342254870080e-02
5.920336192493333427e-02
6.002604567534708391e-02
6.086016135346205419e-02
6.170586781615473859e-02
6.256332612776034641e-02
6.343269959074718245e-02
6.431415377681777568e-02
6.520785655844163475e-02
6.611397814082677071e-02
6.703269109433493411e-02
6.796417038734763050e-02
6.890859341958888162e-02
6.986614005591071375e-02
7.083699266054835353e-02
7.182133613185159859e-02
7.281935793749828856e-02
7.383124815019771747e-02
7.485719948388963596e-02
7.589740733044675336e-02
7.695206979688677673e-02
7.802138774310191094e-02
7.910556482011260604e-02
8.020480750885256027e-02
8.131932515949301388e-02
8.244933003131350857e-02
8.359503733312627360e-02
8.475666526426289815e-02
8.593443505613004851e-02
8.712857101434308416e-02
8.833930056144476128e-02
8.956685428021772533e-02
9.081146595759916063e-02
9.207337262920499421e-02
9.335281462447339584e-02
9.465003561243547081e-02
9.596528264812180520e-02
9.729880621961382869e-02
9.865086029574929305e-02
1.000217023744906092e-01
1.014115935319648554e-01
1.028207984721858925e-01
1.042495855774669827e-01
1.056982269595339724e-01
1.071669985113490181e-01
1.086561799596540562e-01
1.101660549182447296e-01
1.116969109419844730e-01
1.132490395815690665e-01
1.148227364390524419e-01
1.164183012241438858e-01
1.180360378112875752e-01
1.196762542975353533e-01
1.213392630612234735e-01
1.230253808214651495e-01
1.247349286984693467e-01
1.264682322746980003e-01
1.282256216568730678e-01
1.300074315388450308e-01
1.318140012653353510e-01
1.336456748965643426e-01
1.355028012737773124e-01
1.373857340856812492e-01
1.392948319358043863e-01
1.412304584107923755e-01
1.431929821496530642e-01
1.451827769139634183e-01
1.472002216590524160e-01
1.492457006061728986e-01
1.513196033156759823e-01
1.534223247612030716e-01
1.555542654049080487e-01
1.577158312737251544e-01
1.599074340366967439e-01
1.621294910833750713e-01
1.643824256033143694e-01
1.666666666666666574e-01
